[5;16]	[1]	22
[1;16]	[45]	90
[3;16]	[41]	7
[1;16]	[41]	63
[3;16]	[2]	4
[1;16]	[32]	33
[5;16]	[45]	31
[5;16]	[34]	9
[1;16]	[40]	14
[14;16]	[32]	1
[5;16]	[22]	3
[1;16]	[24]	18
[1;16]	[1]	58
[1;16]	[34]	24
[3;16]	[40]	1
[5;16]	[5]	2
[1;16]	[39]	25
[1;16]	[35]	18
[5;16]	[39]	8
[1;16]	[42]	24
[1;16]	[36]	29
[1;16]	[49]	4
[1;16]	[19]	61
[5;16]	[41]	17
[1;16]	[44]	3
[5;16]	[44]	7
[5;16]	[2]	7
[3;16]	[45]	3
[5;16]	[35]	18
[1;16]	[20]	5
[5;16]	[40]	20
[5;16]	[42]	14
[2;16]	[24]	2
[1;16]	[43]	26
[5;16]	[24]	5
[1;16]	[22]	16
[5;16]	[19]	4
[3;16]	[42]	4
[5;16]	[20]	1
[5;16]	[23]	1
[5;16]	[49]	5
[5;16]	[36]	2
[3;16]	[19]	4
[5;16]	[32]	5
[3;16]	[24]	1
[3;16]	[36]	1
[1;16]	[23]	1
[3;16]	[34]	1
[1]	[2]	3704
[3]	[40]	145
[1]	[5]	2367
[1]	[45]	5928
[1]	[24]	1735
[1]	[48]	4521
[1]	[17]	4162
[3]	[41]	333
[1]	[1]	6432
[3]	[45]	501
[1]	[46]	2477
[3]	[43]	105
[1]	[40]	1932
[1]	[32]	1410
[1]	[19]	1790
[3]	[17]	462
[1]	[43]	2089
[3]	[37]	586
[1]	[34]	2911
[32]	[46]	51
[1]	[37]	4959
[3]	[34]	325
[32]	[17]	187
[1]	[41]	2846
[1]	[49]	985
[3]	[24]	241
[2]	[32]	333
[2]	[48]	210
[1]	[38]	304
[1]	[36]	1626
[1]	[42]	1070
[3]	[42]	134
[2]	[39]	539
[2]	[45]	360
[6]	[32]	31
[3]	[48]	586
[2]	[2]	243
[1]	[44]	1198
[4]	[37]	337
[2]	[17]	202
[1]	[4]	615
[5]	[46]	171
[5]	[34]	152
[4]	[48]	52
[3]	[36]	183
[4]	[17]	85
[3]	[46]	355
[2]	[1]	437
[5]	[48]	281
[5]	[17]	253
[2]	[41]	305
[3]	[49]	122
[1]	[20]	218
[4]	[46]	55
[32]	[3]	12
[2]	[22]	32
[2]	[42]	135
[32]	[38]	26
[1]	[35]	1021
[2]	[37]	351
[32]	[32]	39
[32]	[37]	272
[32]	[48]	131
[5]	[1]	198
[1]	[39]	782
[5]	[35]	43
[5]	[42]	53
[5]	[32]	120
[2]	[46]	176
[1]	[3]	734
[4]	[45]	85
[5]	[36]	165
[1]	[22]	1172
[3]	[1]	321
[5]	[40]	90
[3]	[2]	75
[17]	[24]	22
[17]	[34]	18
[1]	[23]	105
[32]	[45]	158
[3]	[19]	286
[5]	[24]	108
[5]	[39]	60
[17]	[17]	13
[5]	[5]	79
[3]	[20]	25
[7]	[45]	38
[3]	[32]	117
[32]	[2]	87
[32]	[41]	135
[1]	[6]	78
[5]	[37]	348
[3]	[4]	27
[32]	[36]	42
[2]	[24]	57
[7]	[34]	38
[32]	[1]	260
[32]	[43]	86
[32]	[19]	114
[5]	[49]	36
[32]	[39]	23
[2]	[34]	167
[32]	[34]	49
[5]	[41]	225
[1]	[13]	47
[1]	[7]	662
[17]	[45]	40
[2]	[43]	335
[32]	[49]	8
[5]	[44]	67
[17]	[3]	5
[2]	[20]	29
[3]	[22]	65
[3]	[38]	21
[27]	[37]	5
[27]	[45]	20
[4]	[22]	11
[1]	[11]	35
[17]	[37]	25
[5]	[2]	48
[1]	[12]	160
[3]	[44]	87
[5]	[43]	107
[3]	[39]	82
[32]	[40]	76
[4]	[32]	83
[2]	[12]	37
[5]	[18]	1
[6]	[37]	32
[4]	[41]	292
[5]	[45]	316
[3]	[5]	50
[32]	[35]	16
[5]	[38]	11
[3]	[35]	65
[5]	[20]	17
[2]	[5]	136
[1]	[10]	89
[2]	[49]	45
[32]	[4]	5
[27]	[41]	67
[1]	[29]	3
[4]	[34]	39
[27]	[34]	5
[6]	[41]	13
[5]	[19]	63
[1]	[47]	38
[3]	[3]	17
[2]	[7]	164
[46]	[42]	1
[17]	[41]	30
[7]	[40]	18
[7]	[42]	10
[7]	[19]	36
[7]	[2]	4
[5]	[3]	20
[1]	[18]	145
[2]	[38]	20
[17]	[48]	30
[27]	[17]	19
[7]	[41]	25
[7]	[24]	9
[4]	[39]	17
[2]	[35]	83
[2]	[36]	76
[32]	[42]	26
[2]	[40]	93
[32]	[22]	20
[17]	[42]	13
[17]	[39]	5
[2]	[19]	106
[32]	[5]	42
[6]	[40]	5
[4]	[42]	16
[34]	[40]	7
[2]	[13]	3
[27]	[43]	4
[17]	[22]	6
[4]	[25]	1
[32]	[24]	32
[7]	[37]	37
[32]	[7]	4
[4]	[40]	36
[7]	[48]	26
[17]	[36]	8
[3]	[18]	13
[4]	[36]	31
[5]	[6]	9
[17]	[32]	3
[2]	[3]	166
[32]	[44]	26
[4]	[38]	20
[7]	[17]	14
[34]	[45]	5
[34]	[19]	6
[17]	[5]	6
[17]	[43]	2
[2]	[44]	24
[2]	[23]	11
[4]	[49]	8
[34]	[1]	12
[5]	[22]	21
[7]	[44]	14
[17]	[40]	18
[6]	[46]	10
[6]	[38]	3
[27]	[10]	1
[3]	[47]	11
[27]	[3]	5
[2]	[6]	4
[2]	[18]	9
[4]	[19]	18
[7]	[43]	5
[27]	[23]	2
[4]	[24]	12
[5]	[12]	3
[34]	[5]	2
[17]	[44]	3
[3]	[12]	5
[27]	[44]	1
[3]	[27]	1
[1]	[27]	5
[4]	[18]	3
[6]	[45]	4
[27]	[1]	24
[3]	[10]	8
[7]	[46]	10
[4]	[47]	1
[27]	[40]	11
[32]	[11]	1
[4]	[43]	30
[3]	[23]	4
[7]	[36]	5
[32]	[23]	11
[1]	[25]	2
[34]	[34]	3
[7]	[32]	19
[17]	[2]	9
[6]	[17]	1
[27]	[35]	1
[27]	[19]	16
[7]	[49]	4
[3]	[7]	7
[32]	[10]	2
[6]	[22]	5
[4]	[35]	31
[17]	[23]	3
[17]	[49]	2
[6]	[44]	6
[27]	[42]	1
[6]	[43]	13
[27]	[48]	3
[6]	[39]	3
[27]	[39]	1
[2]	[11]	3
[5]	[13]	2
[2]	[10]	7
[4]	[20]	3
[27]	[7]	1
[34]	[2]	3
[5]	[23]	5
[7]	[35]	1
[5]	[4]	3
[7]	[1]	5
[27]	[32]	3
[27]	[24]	6
[4]	[44]	4
[17]	[13]	1
[32]	[47]	4
[17]	[1]	11
[2]	[4]	22
[7]	[39]	6
[6]	[48]	4
[13]	[45]	2
[6]	[35]	12
[5]	[47]	1
[3]	[6]	3
[34]	[39]	1
[17]	[4]	6
[4]	[1]	11
[6]	[2]	1
[4]	[2]	4
[27]	[20]	1
[27]	[22]	4
[12]	[24]	3
[12]	[43]	11
[27]	[2]	5
[41]	[17]	2
[6]	[6]	1
[41]	[37]	11
[13]	[3]	1
[46]	[46]	2
[4]	[5]	3
[12]	[41]	32
[3]	[11]	1
[6]	[1]	2
[21]	[41]	13
[12]	[45]	10
[12]	[32]	3
[6]	[34]	14
[12]	[44]	7
[12]	[17]	27
[37]	[35]	1
[13]	[7]	11
[27]	[6]	1
[21]	[19]	1
[37]	[34]	1
[32]	[20]	5
[41]	[1]	5
[6]	[36]	13
[6]	[18]	1
[12]	[37]	11
[41]	[40]	16
[32]	[6]	1
[4]	[3]	2
[6]	[19]	3
[17]	[19]	3
[41]	[2]	3
[12]	[48]	1
[32]	[13]	1
[13]	[43]	1
[4]	[29]	1
[34]	[43]	4
[37]	[44]	1
[12]	[46]	1
[41]	[41]	2
[21]	[36]	1
[36]	[1]	1
[4]	[6]	1
[2]	[47]	1
[12]	[19]	1
[7]	[10]	1
[37]	[24]	1
