[1;16]	[39]	622
[1;16]	[40]	1275
[2;16]	[34]	365
[2;16]	[43]	274
[1;16]	[45]	2151
[1;16]	[19]	572
[1;16]	[41]	1717
[3;16]	[40]	205
[3;16]	[10]	132
[3;16]	[36]	202
[3;16]	[34]	159
[3;16]	[44]	31
[12;16]	[1]	110
[5;16]	[42]	117
[1;16]	[5]	4792
[3;16]	[2]	91
[1;16]	[42]	1029
[2;16]	[46]	434
[2;16]	[40]	268
[3;16]	[32]	388
[3;16]	[17]	216
[1;16]	[10]	680
[5;16]	[1]	237
[1;16]	[46]	1499
[2;16]	[37]	924
[1;16]	[17]	1956
[1;16]	[44]	305
[1;16]	[3]	768
[1;16]	[32]	3660
[3;16]	[3]	180
[1;16]	[36]	1629
[1;16]	[48]	3463
[3;16]	[41]	210
[3;16]	[1]	259
[1;16]	[22]	3281
[1;16]	[49]	729
[12;16]	[22]	91
[2;16]	[3]	202
[5;16]	[39]	90
[1;16]	[37]	2787
[1;16]	[23]	39
[1;16]	[1]	2637
[12;16]	[48]	95
[3;16]	[48]	369
[11;16]	[36]	172
[10;16]	[22]	57
[1;16]	[2]	145
[5;16]	[5]	250
[12;16]	[32]	132
[11;16]	[48]	305
[11;16]	[17]	213
[1;16]	[35]	410
[2;16]	[19]	198
[2;16]	[17]	546
[3;16]	[42]	163
[2;16]	[1]	80
[2;16]	[45]	658
[1;16]	[34]	1242
[2;16]	[32]	1292
[2;16]	[10]	49
[2;16]	[48]	1306
[5;16]	[32]	279
[3;16]	[45]	315
[3;16]	[22]	442
[12;16]	[2]	29
[3;16]	[37]	358
[5;16]	[46]	130
[5;16]	[45]	225
[1;16]	[24]	645
[3;16]	[19]	60
[5;16]	[22]	315
[5;16]	[36]	159
[3;16]	[24]	90
[2;16]	[41]	500
[5;16]	[48]	353
[3;16]	[4]	17
[12;16]	[46]	42
[11;16]	[19]	109
[2;16]	[49]	208
[5;16]	[17]	189
[11;16]	[40]	111
[11;16]	[24]	65
[11;16]	[22]	621
[1;16]	[18]	60
[5;16]	[41]	247
[5;16]	[3]	73
[3;16]	[46]	164
[5;16]	[2]	76
[2;16]	[36]	468
[11;16]	[41]	229
[10;16]	[45]	33
[2;16]	[18]	22
[2;16]	[38]	15
[11;16]	[42]	165
[2;16]	[22]	1494
[2;16]	[42]	373
[11;16]	[46]	210
[11;16]	[45]	333
[1;16]	[4]	18
[2;16]	[39]	201
[5;16]	[37]	306
[10;16]	[5]	11
[2;16]	[24]	176
[4;16]	[45]	13
[5;16]	[24]	62
[12;16]	[42]	55
[12;16]	[40]	23
[3;16]	[49]	55
[4;16]	[42]	3
[2;16]	[5]	38
[12;16]	[37]	111
[11;16]	[5]	78
[10;16]	[36]	16
[12;16]	[45]	118
[1;16]	[38]	45
[10;16]	[17]	41
[12;16]	[10]	38
[5;16]	[34]	145
[11;16]	[34]	182
[11;16]	[32]	343
[10;16]	[24]	13
[4;16]	[48]	24
[10;16]	[37]	59
[12;16]	[36]	40
[4;16]	[4]	1
[12;16]	[5]	16
[12;16]	[49]	18
[5;16]	[40]	113
[1;16]	[47]	30
[11;16]	[3]	138
[11;16]	[37]	298
[10;16]	[3]	18
[3;16]	[12]	4
[5;16]	[19]	65
[2;16]	[2]	17
[4;16]	[24]	5
[12;16]	[47]	1
[3;16]	[35]	48
[5;16]	[35]	42
[12;16]	[19]	13
[3;16]	[5]	444
[1;16]	[20]	62
[5;16]	[49]	52
[4;16]	[2]	6
[3;16]	[39]	99
[11;16]	[10]	69
[2;16]	[44]	70
[11;16]	[2]	73
[5;16]	[10]	74
[2;16]	[47]	15
[1;16]	[6]	210
[2;16]	[7]	31
[11;16]	[49]	94
[12;16]	[17]	38
[2;16]	[6]	107
[10;16]	[1]	58
[2;16]	[23]	13
[6;16]	[2]	1
[10;16]	[34]	24
[10;16]	[44]	7
[4;16]	[17]	10
[3;16]	[11]	1
[4;16]	[32]	18
[12;16]	[34]	43
[12;16]	[3]	65
[1;16]	[7]	31
[3;16]	[18]	5
[11;16]	[20]	17
[6;16]	[48]	5
[12;16]	[11]	3
[10;16]	[19]	16
[11;16]	[44]	37
[11;16]	[39]	118
[4;16]	[37]	10
[5;16]	[44]	26
[3;16]	[23]	5
[5;16]	[18]	8
[11;16]	[1]	247
[12;16]	[41]	61
[10;16]	[48]	44
[2;16]	[35]	121
[4;16]	[36]	6
[5;16]	[7]	8
[4;16]	[3]	14
[1;16]	[43]	4
[10;16]	[32]	38
[5;16]	[20]	5
[12;16]	[38]	5
[4;16]	[22]	26
[11;16]	[38]	11
[11;16]	[18]	16
[11;16]	[35]	36
[4;16]	[46]	10
[5;16]	[23]	7
[12;16]	[20]	3
[10;16]	[41]	12
[1;16]	[25]	2
[6;16]	[41]	2
[5;16]	[11]	3
[5;16]	[6]	5
[6;16]	[18]	2
[12;16]	[24]	10
[11;16]	[43]	6
[10;16]	[42]	12
[12;16]	[13]	1
[5;16]	[47]	2
[10;16]	[40]	5
[4;16]	[35]	10
[11;16]	[23]	18
[2;16]	[20]	28
[6;16]	[22]	6
[10;16]	[39]	8
[12;16]	[44]	9
[10;16]	[2]	14
[10;16]	[10]	5
[11;16]	[4]	4
[12;16]	[39]	13
[10;16]	[46]	14
[4;16]	[1]	10
[3;16]	[13]	4
[11;16]	[7]	4
[3;16]	[20]	2
[6;16]	[46]	2
[4;16]	[41]	8
[6;16]	[34]	1
[6;16]	[5]	6
[6;16]	[17]	2
[6;16]	[3]	3
[10;16]	[38]	2
[4;16]	[40]	2
[3;16]	[7]	4
[4;16]	[5]	19
[5;16]	[12]	2
[3;16]	[47]	4
[11;16]	[6]	2
[12;16]	[35]	5
[6;16]	[42]	3
[6;16]	[45]	5
[5;16]	[4]	12
[1;16]	[29]	2
[6;16]	[40]	6
[1;16]	[12]	9
[11;16]	[47]	2
[12;16]	[23]	4
[3;16]	[6]	2
[4;16]	[7]	1
[4;16]	[19]	2
[2;16]	[4]	3
[4;16]	[44]	1
[11;16]	[13]	2
[10;16]	[49]	5
[3;16]	[38]	2
[6;16]	[12]	1
[6;16]	[39]	3
[2;16]	[27]	1
[12;16]	[4]	2
[1;16]	[13]	2
[1;16]	[11]	3
[6;16]	[36]	4
[10;16]	[35]	3
[2;16]	[25]	2
[10;16]	[23]	3
[10;16]	[7]	1
[6;16]	[32]	1
[4;16]	[49]	3
[10;16]	[13]	1
[10;16]	[6]	2
[12;16]	[43]	1
[10;16]	[47]	1
[4;16]	[34]	2
[10;16]	[12]	1
[10;16]	[43]	1
[12;16]	[7]	1
[6;16]	[35]	2
[12;16]	[18]	1
[4;16]	[6]	1
[6;16]	[1]	1
[41]	[22]	4810
[1]	[41]	3754
[1]	[10]	3316
[41]	[36]	2422
[41]	[10]	1755
[1]	[22]	4079
[41]	[46]	2065
[41]	[41]	2659
[41]	[44]	664
[41]	[45]	4203
[10]	[22]	1548
[1]	[48]	5339
[10]	[45]	1553
[1]	[5]	1083
[41]	[5]	1666
[41]	[42]	1840
[3]	[36]	894
[1]	[1]	5035
[32]	[19]	200
[10]	[46]	715
[41]	[48]	4119
[32]	[17]	825
[10]	[37]	1603
[5]	[36]	375
[1]	[44]	738
[3]	[32]	1477
[2]	[32]	1834
[1]	[17]	3361
[2]	[43]	643
[2]	[45]	1574
[36]	[45]	485
[2]	[22]	1443
[1]	[36]	2491
[10]	[48]	1693
[41]	[19]	1278
[41]	[32]	4890
[2]	[41]	1064
[41]	[34]	2654
[2]	[17]	1087
[1]	[43]	1781
[1]	[46]	2247
[2]	[44]	251
[41]	[37]	4765
[41]	[40]	1793
[10]	[32]	1963
[5]	[32]	722
[10]	[39]	375
[10]	[43]	657
[32]	[34]	574
[10]	[34]	1060
[2]	[36]	897
[1]	[40]	2089
[1]	[3]	1079
[10]	[42]	852
[41]	[2]	1552
[3]	[40]	615
[5]	[42]	402
[2]	[46]	828
[32]	[32]	1279
[1]	[24]	1203
[5]	[17]	559
[32]	[18]	29
[1]	[32]	4773
[1]	[34]	2544
[1]	[49]	1461
[32]	[39]	335
[3]	[45]	1426
[1]	[2]	1124
[10]	[17]	1087
[41]	[17]	3324
[32]	[48]	1181
[10]	[41]	1131
[10]	[36]	1319
[1]	[45]	4940
[3]	[37]	1309
[10]	[40]	575
[2]	[2]	311
[13]	[45]	268
[2]	[37]	1717
[2]	[34]	986
[2]	[39]	412
[2]	[40]	739
[3]	[49]	294
[2]	[48]	1733
[1]	[19]	1244
[3]	[19]	260
[41]	[43]	1313
[2]	[49]	497
[32]	[42]	513
[32]	[24]	281
[2]	[10]	950
[3]	[46]	598
[41]	[39]	1103
[1]	[39]	1080
[2]	[24]	359
[3]	[41]	1086
[1]	[37]	4621
[1]	[42]	2185
[32]	[38]	92
[2]	[20]	57
[1]	[35]	747
[10]	[1]	801
[36]	[34]	328
[10]	[24]	388
[3]	[43]	473
[41]	[24]	1167
[41]	[4]	149
[13]	[22]	244
[32]	[10]	480
[1]	[13]	38
[5]	[37]	631
[10]	[20]	68
[5]	[34]	426
[13]	[32]	319
[5]	[41]	529
[5]	[22]	503
[3]	[48]	1610
[36]	[32]	476
[41]	[1]	4186
[4]	[45]	129
[4]	[32]	153
[41]	[49]	1134
[5]	[48]	804
[4]	[22]	196
[41]	[23]	73
[32]	[41]	480
[36]	[48]	442
[36]	[2]	128
[3]	[34]	697
[41]	[35]	704
[41]	[3]	2211
[32]	[3]	421
[3]	[24]	350
[32]	[5]	448
[32]	[2]	400
[3]	[17]	988
[13]	[17]	174
[3]	[42]	758
[2]	[5]	668
[3]	[35]	231
[3]	[5]	382
[5]	[39]	110
[32]	[45]	1125
[3]	[47]	47
[10]	[10]	145
[5]	[49]	73
[17]	[35]	8
[4]	[37]	147
[5]	[6]	5
[32]	[20]	43
[5]	[46]	309
[4]	[17]	134
[5]	[5]	86
[13]	[34]	196
[13]	[40]	89
[4]	[46]	99
[10]	[35]	243
[10]	[19]	391
[5]	[24]	131
[17]	[38]	2
[3]	[38]	32
[17]	[37]	71
[17]	[40]	43
[32]	[37]	1137
[5]	[19]	175
[32]	[46]	523
[32]	[1]	1012
[32]	[44]	150
[36]	[17]	384
[10]	[3]	186
[32]	[22]	962
[3]	[44]	206
[1]	[38]	103
[2]	[23]	30
[32]	[43]	356
[5]	[45]	731
[4]	[42]	83
[4]	[19]	49
[13]	[42]	115
[5]	[43]	314
[5]	[18]	28
[36]	[22]	625
[2]	[35]	268
[32]	[49]	218
[2]	[4]	19
[41]	[11]	42
[4]	[39]	45
[13]	[41]	211
[3]	[18]	76
[41]	[38]	98
[3]	[22]	1726
[2]	[19]	472
[3]	[1]	1223
[36]	[24]	136
[3]	[10]	614
[32]	[36]	438
[3]	[2]	342
[13]	[19]	68
[17]	[22]	41
[32]	[7]	82
[5]	[1]	395
[2]	[1]	1140
[3]	[3]	539
[13]	[48]	228
[10]	[44]	216
[36]	[49]	131
[2]	[3]	478
[36]	[46]	204
[2]	[47]	12
[4]	[48]	217
[10]	[47]	9
[2]	[42]	732
[17]	[32]	28
[4]	[24]	71
[1]	[18]	107
[13]	[37]	257
[17]	[48]	40
[10]	[2]	46
[3]	[39]	247
[5]	[35]	107
[4]	[41]	127
[4]	[40]	116
[4]	[36]	117
[36]	[37]	491
[36]	[44]	7
[11]	[1]	3
[5]	[44]	157
[41]	[18]	120
[32]	[40]	460
[13]	[24]	76
[5]	[47]	14
[4]	[34]	82
[1]	[20]	91
[17]	[42]	14
[10]	[49]	379
[32]	[6]	14
[5]	[40]	291
[11]	[17]	67
[11]	[45]	82
[11]	[49]	27
[36]	[39]	173
[36]	[43]	172
[41]	[13]	34
[11]	[41]	55
[1]	[47]	56
[32]	[47]	14
[2]	[18]	32
[13]	[44]	24
[27]	[48]	5
[13]	[36]	137
[4]	[3]	72
[36]	[1]	493
[1]	[6]	36
[36]	[7]	49
[1]	[7]	37
[17]	[3]	21
[17]	[19]	9
[11]	[19]	27
[41]	[7]	169
[32]	[4]	20
[4]	[44]	32
[36]	[19]	122
[36]	[10]	183
[36]	[3]	228
[17]	[17]	32
[17]	[2]	14
[36]	[35]	73
[2]	[38]	30
[36]	[42]	173
[4]	[35]	25
[41]	[20]	171
[11]	[48]	109
[10]	[38]	47
[13]	[43]	136
[10]	[5]	38
[1]	[23]	47
[11]	[36]	143
[4]	[4]	3
[32]	[35]	40
[4]	[5]	135
[36]	[40]	173
[10]	[23]	23
[5]	[3]	147
[17]	[41]	20
[1]	[4]	56
[1]	[12]	16
[11]	[40]	38
[13]	[18]	8
[3]	[4]	11
[13]	[49]	63
[11]	[32]	80
[11]	[39]	35
[4]	[10]	2
[32]	[12]	3
[17]	[43]	10
[11]	[37]	107
[13]	[39]	54
[41]	[25]	2
[1]	[11]	20
[6]	[17]	3
[17]	[36]	5
[41]	[47]	45
[5]	[10]	129
[11]	[22]	17
[10]	[7]	16
[10]	[18]	36
[3]	[13]	8
[36]	[41]	160
[12]	[17]	17
[5]	[38]	13
[5]	[20]	14
[11]	[44]	17
[17]	[34]	31
[41]	[6]	45
[5]	[2]	97
[6]	[41]	2
[12]	[32]	8
[36]	[5]	88
[3]	[20]	29
[13]	[46]	94
[41]	[12]	21
[11]	[42]	51
[41]	[29]	3
[10]	[6]	4
[11]	[24]	27
[2]	[7]	16
[10]	[12]	1
[4]	[1]	30
[11]	[34]	102
[3]	[6]	14
[17]	[7]	6
[3]	[12]	3
[4]	[49]	31
[13]	[35]	29
[3]	[23]	20
[17]	[46]	21
[17]	[1]	44
[6]	[32]	6
[13]	[23]	12
[36]	[18]	19
[36]	[20]	21
[5]	[13]	1
[6]	[45]	3
[12]	[48]	17
[36]	[36]	133
[13]	[10]	44
[36]	[13]	1
[13]	[2]	22
[13]	[3]	86
[6]	[3]	3
[13]	[1]	96
[6]	[44]	2
[2]	[6]	7
[11]	[46]	39
[6]	[48]	3
[5]	[7]	15
[17]	[45]	48
[12]	[37]	10
[13]	[7]	8
[6]	[40]	2
[13]	[5]	73
[13]	[20]	12
[3]	[7]	13
[36]	[11]	1
[17]	[5]	18
[36]	[6]	6
[13]	[6]	18
[36]	[23]	3
[12]	[46]	8
[27]	[42]	3
[36]	[38]	5
[6]	[24]	5
[5]	[23]	9
[11]	[10]	14
[27]	[2]	1
[13]	[38]	3
[11]	[35]	18
[32]	[11]	9
[12]	[22]	2
[17]	[39]	5
[6]	[37]	7
[13]	[13]	1
[6]	[36]	3
[6]	[22]	8
[32]	[23]	9
[2]	[12]	1
[41]	[27]	3
[36]	[47]	1
[32]	[13]	4
[37]	[23]	1
[4]	[20]	3
[27]	[32]	4
[27]	[43]	1
[17]	[24]	12
[3]	[11]	1
[2]	[13]	2
[17]	[44]	1
[4]	[18]	3
[36]	[27]	1
[5]	[11]	3
[6]	[6]	1
[27]	[1]	4
[3]	[27]	1
[17]	[10]	13
[2]	[11]	5
[6]	[49]	2
[27]	[40]	6
[4]	[38]	2
[17]	[49]	4
[11]	[2]	1
[13]	[47]	1
[11]	[20]	2
[27]	[3]	6
[6]	[35]	1
[27]	[39]	1
[4]	[2]	4
[6]	[1]	1
[6]	[2]	1
[12]	[3]	2
[5]	[27]	1
[11]	[18]	1
[11]	[38]	3
[27]	[41]	1
[6]	[46]	3
[17]	[6]	1
[6]	[34]	1
[11]	[3]	1
[11]	[7]	2
[17]	[13]	1
[17]	[4]	3
[11]	[47]	2
[2]	[27]	1
[27]	[22]	2
[4]	[7]	1
[5]	[4]	1
[27]	[44]	1
[27]	[46]	1
[27]	[45]	1
[27]	[35]	1
[27]	[17]	1
[27]	[24]	1
[1]	[29]	1
[27]	[37]	1
[4]	[23]	2
[6]	[42]	1
[36]	[4]	1
[6]	[39]	1
